 

INDEX. . 591

sudham, Hugo (10, 246.
80(1118111, 1101101109 (10, 255.
80611810, willielmus de, 5.
Sudheia, Prior (10, 222.
Sudhei, willielmus (10, 171.

Sudsex'- Susex’— 8099οὶ, 8100, 12,
32, 71, 77, 78, 90, 94, 95,
97,106‚ 107, 120,124, 126,
132, 225, 231, 249, 251,
259, 261, 262, 272, 274,
275, 282, 283, 292, 293,
302, 306, 307, 312, 343,
349, 350, 365, 405, 432,

443, 446, 447-
Sussex’, 10118 10, 45.
80(11οὖ, 00010918 (10, 307.

80(11νο10, 8097010, liberum 1000-

mentum in, 306, 311.

Sudwerc vel Suwerk, Canonici (10,

8οἀ1101ῗ,1.Ρ1101 (10, 304.
8011πο10, Magister Elias (10, 305.

Sudwrth, Hugo 1111119 willielmi de,

8111181, 111131121σὶ000οε (10, 212.
8011810, Thomas (10, 320.
80118011, 10118, 810, iu, 213.

80118011, Edmundus de, pater Μ81-

tini, 213.

8111181111, 111811181οῐ8 soror Martini ¹

(10, 213.
8011001000, Τ11011189 (10, 27.
80111, Ricardus, 127.
Suldeham, Hugo de, 250.
Suldrope, Stephanus de, 232.

Sale-grave, Ricardus T 09100 (10,

8010911οῗ 1099011 apud, 271.
81110111, Johannes (10, 310.

 

Sumen-i, Adam (10, 34, 147, 169.
81101011, Philippus de, 324.
81101011, Radulphus (10, 15, 295.
81110011, 81111118 (10, 374, 445.
Sume-ri, willielmus (10, 371.
80111019οω011, 73, 75, 85, 93, 112,
116, 119, 131, 227, 236,
237, 238, 244, 252, 253,
271, 277, 284, 291, 295,
296, 301, 302, 303, 309,
310, 317, 320, 321, 336,
338, 368, 395, 419, 420,
435, 445, 451.
8011101901, Berewe in, 111.
Sumervffl, Robertus de, 01 Μ8111118
uxor ejus, 134.
811111’ἰ911·, 0109 10 Νο11 (10, 181.
8001100101, ’1111011009 10, 106.
800601110990, Galfridus de, 13.
sanem, Johannes (10, 214.
8111100151, Osegot (10, 214.
80001111, 8810800119 (10, 211.
80009911, willielmus de, 142.
8011018, Suri, 8100, 13, 15, 16, 17,
48, 53, 54, 79, 81, 91, 94,
99, 101, 102, 115, 122,
130, 140, 221, 222, 228,
229, 230, 236, 242, 245,
246, 249, 253, 258, 266,
290, 295, 296, 297, 299,
289, 295, 297, 298, 304,
305, 306, 307, 310, 311,
319, 322, 324, 348, 360,
362, 365, 366, 375, 377,
382, 383, 386, 387, 389,
391, 410, 420, 424, 425,
426, 429, 433, 444, 450.
8019, Hugo (10 la, 401.
81111011, 00010918 (10, 342.

801001, 1189001009 filius ,1011801119 “ Susanna, 131.

(10, 310.
Sullia, 0891011001 (10, 86.
Sultorp, seod milit in, 401.
81111011), Stephanus (10, 270.
801011, ,1011811009 (10, 265.
80111, Jordanus (10, 287.
8001οἰ11111, Radulphus 10, 402.
8011101οε11ωο, 10011 milit in, 398.

Smneresham, 800101110911801, Jo-

11801109 (10, 44, 45, 1:36.

Ι Susanna soror Andraeae Albi, 212.
; Susanna uoe fuit uxor Rogeri de

Co 11111, 334.
8090111100, willielmus (10, 453.
80111011010110, willielmus (10, 22.
8111111111, willielmus 1111119, 55.
801111οἱ8, Prior, 39.
Sutor-p, willielmus (10, 330.
8011011, 00010918 (10, 308, 314.
81111011, 099011 apud. 294.

